#IONIZATION
#He -> He^+
# 2.4587e+1
#PROCESS: e + He => e + e + He^+
#COMMENT: 24.587 eV
#COLUMN1: Energy in eV
#COLUMN2: Ionization in m2
#UPDATED: 2010-11-13 12:22:01
#--------------------------------
   2.45900e+1	   0.00000e+0
   2.46000e+1	  1.23487e-26
   2.46221e+1	  4.33959e-24
   2.46585e+1	  8.83168e-24
   2.46962e+1	  1.34816e-23
   2.47352e+1	  1.82950e-23
   2.47755e+1	  2.32775e-23
   2.48173e+1	  2.84351e-23
   2.48605e+1	  3.37740e-23
   2.49053e+1	  3.93005e-23
   2.49516e+1	  4.50212e-23
   2.49995e+1	  5.09429e-23
   2.50492e+1	  5.69012e-23
   2.51006e+1	  6.30673e-23
   2.51537e+1	  6.94501e-23
   2.52088e+1	  7.60572e-23
   2.52658e+1	  8.28965e-23
   2.53248e+1	  8.99761e-23
   2.53859e+1	  9.73045e-23
   2.54491e+1	  1.04890e-22
   2.55145e+1	  1.12772e-22
   2.55823e+1	  1.21036e-22
   2.56524e+1	  1.29590e-22
   2.57250e+1	  1.38445e-22
   2.58001e+1	  1.47612e-22
   2.58779e+1	  1.57100e-22
   2.59584e+1	  1.66922e-22
   2.60417e+1	  1.77005e-22
   2.61280e+1	  1.87357e-22
   2.62173e+1	  1.98072e-22
   2.63097e+1	  2.09164e-22
   2.64054e+1	  2.20646e-22
   2.65044e+1	  2.32514e-22
   2.66070e+1	  2.44406e-22
   2.67131e+1	  2.56717e-22
   2.68229e+1	  2.69461e-22
   2.69367e+1	  2.82652e-22
   2.70544e+1	  2.97068e-22
   2.71762e+1	  3.12908e-22
   2.73024e+1	  3.29306e-22
   2.74329e+1	  3.46279e-22
   2.75681e+1	  3.63849e-22
   2.77080e+1	  3.82037e-22
   2.78528e+1	  4.00863e-22
   2.80027e+1	  4.20325e-22
   2.81579e+1	  4.38946e-22
   2.83185e+1	  4.58221e-22
   2.84848e+1	  4.78175e-22
   2.86569e+1	  4.98829e-22
   2.88351e+1	  5.20209e-22
   2.90195e+1	  5.42340e-22
   2.92104e+1	  5.65250e-22
   2.94080e+1	  5.88964e-22
   2.96126e+1	  6.13511e-22
   2.98243e+1	  6.38922e-22
   3.00435e+1	  6.65443e-22
   3.02704e+1	  6.93805e-22
   3.05053e+1	  7.23164e-22
   3.07484e+1	  7.53554e-22
   3.10001e+1	  7.85013e-22
   3.12606e+1	  8.17577e-22
   3.15303e+1	  8.51285e-22
   3.18094e+1	  8.86178e-22
   3.20984e+1	  9.20330e-22
   3.23975e+1	  9.51736e-22
   3.27071e+1	  9.84246e-22
   3.30276e+1	  1.01790e-21
   3.33594e+1	  1.05273e-21
   3.37028e+1	  1.08879e-21
   3.40583e+1	  1.12612e-21
   3.44263e+1	  1.16476e-21
   3.48072e+1	  1.20475e-21
   3.52015e+1	  1.24616e-21
   3.56096e+1	  1.28901e-21
   3.60322e+1	  1.33321e-21
   3.64695e+1	  1.37695e-21
   3.69222e+1	  1.42222e-21
   3.73908e+1	  1.46908e-21
   3.78759e+1	  1.51759e-21
   3.83781e+1	  1.56025e-21
   3.88979e+1	  1.60183e-21
   3.94359e+1	  1.64487e-21
   3.99929e+1	  1.68943e-21
   4.05694e+1	  1.73328e-21
   4.11662e+1	  1.77863e-21
   4.17840e+1	  1.82558e-21
   4.24235e+1	  1.87419e-21
   4.30855e+1	  1.92449e-21
   4.37707e+1	  1.97657e-21
   4.44800e+1	  2.03048e-21
   4.52142e+1	  2.08371e-21
   4.59742e+1	  2.13235e-21
   4.67610e+1	  2.18270e-21
   4.75753e+1	  2.23482e-21
   4.84183e+1	  2.28877e-21
   4.92910e+1	  2.34462e-21
   5.01942e+1	  2.40088e-21
   5.11293e+1	  2.45324e-21
   5.20972e+1	  2.50744e-21
   5.30991e+1	  2.56355e-21
   5.41362e+1	  2.62163e-21
   5.52098e+1	  2.67797e-21
   5.63211e+1	  2.72020e-21
   5.74714e+1	  2.76391e-21
   5.86622e+1	  2.80916e-21
   5.98948e+1	  2.85600e-21
   6.11707e+1	  2.89512e-21
   6.24915e+1	  2.93475e-21
   6.38587e+1	  2.97576e-21
   6.52739e+1	  3.01822e-21
   6.67389e+1	  3.06217e-21
   6.82554e+1	  3.10766e-21
   6.98251e+1	  3.15475e-21
   7.14500e+1	  3.19335e-21
   7.31320e+1	  3.23204e-21
   7.48731e+1	  3.27208e-21
   7.66754e+1	  3.31354e-21
   7.85411e+1	  3.35644e-21
   8.04723e+1	  3.39520e-21
   8.24714e+1	  3.41718e-21
   8.45407e+1	  3.43995e-21
   8.66827e+1	  3.46351e-21
   8.89001e+1	  3.48790e-21
   9.11953e+1	  3.51315e-21
   9.35712e+1	  3.53928e-21
   9.60306e+1	  3.56634e-21
   9.85764e+1	  3.59434e-21
   1.01212e+2	  3.61364e-21
   1.03940e+2	  3.62182e-21
   1.06763e+2	  3.63029e-21
   1.09686e+2	  3.63906e-21
   1.12712e+2	  3.64814e-21
   1.15844e+2	  3.65753e-21
   1.19086e+2	  3.66726e-21
   1.22442e+2	  3.66756e-21
   1.25916e+2	  3.66408e-21
   1.29512e+2	  3.66049e-21
   1.33235e+2	  3.65677e-21
   1.37088e+2	  3.65291e-21
   1.41077e+2	  3.64892e-21
   1.45206e+2	  3.64479e-21
   1.49480e+2	  3.64052e-21
   1.53904e+2	  3.62439e-21
   1.58483e+2	  3.60607e-21
   1.63224e+2	  3.58710e-21
   1.68131e+2	  3.56748e-21
   1.73211e+2	  3.54716e-21
   1.78469e+2	  3.52335e-21
   1.83912e+2	  3.49722e-21
   1.89546e+2	  3.47018e-21
   1.95378e+2	  3.44219e-21
   2.01415e+2	  3.41264e-21
   2.07664e+2	  3.38015e-21
   2.14133e+2	  3.34651e-21
   2.20829e+2	  3.31169e-21
   2.27761e+2	  3.27564e-21
   2.34936e+2	  3.23833e-21
   2.42363e+2	  3.19971e-21
   2.50051e+2	  3.15976e-21
   2.58010e+2	  3.12315e-21
   2.66248e+2	  3.08526e-21
   2.74776e+2	  3.04603e-21
   2.83603e+2	  3.00543e-21
   2.92740e+2	  2.96339e-21
   3.02199e+2	  2.92120e-21
   3.11990e+2	  2.88204e-21
   3.22125e+2	  2.84150e-21
   3.32617e+2	  2.79953e-21
   3.43477e+2	  2.75609e-21
   3.54718e+2	  2.71113e-21
   3.66355e+2	  2.66458e-21
   3.78400e+2	  2.61640e-21
   3.90869e+2	  2.56652e-21
   4.03776e+2	  2.51792e-21
   4.17137e+2	  2.47516e-21
   4.30967e+2	  2.43090e-21
   4.45284e+2	  2.38509e-21
   4.60103e+2	  2.33767e-21
   4.75443e+2	  2.28858e-21
   4.91322e+2	  2.23777e-21
   5.07759e+2	  2.19138e-21
   5.24774e+2	  2.15054e-21
   5.42387e+2	  2.10827e-21
   5.60619e+2	  2.06451e-21
   5.79491e+2	  2.01922e-21
   5.99027e+2	  1.97234e-21
   6.19249e+2	  1.93150e-21
   6.40182e+2	  1.88964e-21
   6.61850e+2	  1.84630e-21
   6.84280e+2	  1.80144e-21
   7.07499e+2	  1.75950e-21
   7.31533e+2	  1.72585e-21
   7.56412e+2	  1.69102e-21
   7.82165e+2	  1.65497e-21
   8.08823e+2	  1.61677e-21
   8.36418e+2	  1.57537e-21
   8.64982e+2	  1.53253e-21
   8.94551e+2	  1.48817e-21
   9.25158e+2	  1.45484e-21
   9.56841e+2	  1.42316e-21
