#EXCITATION
#He -> He(Triplet)(19.82eV)
# 1.9820e+1 
#PROCESS: e + He => e + He(Triplet)(19.82eV)
#COMMENT: 19.82 eV | EXC TRIPLET   ELOSS= 19.82
#COLUMN1: Energy in eV
#COLUMN2: Excitation in m2
#UPDATED: 2010-11-13 12:20:33
#--------------------------------
   1.98200e+1	   0.00000e+0
   1.98300e+1	  2.61111e-25
   1.98551e+1	  9.17599e-23
   1.98915e+1	  1.86745e-22
   1.99292e+1	  2.85067e-22
   1.99682e+1	  3.86845e-22
   2.00085e+1	  4.72551e-22
   2.00503e+1	  4.85080e-22
   2.00935e+1	  4.98051e-22
   2.01383e+1	  5.11477e-22
   2.01846e+1	  5.25375e-22
   2.02325e+1	  5.10478e-22
   2.02822e+1	  4.80694e-22
   2.03336e+1	  4.49864e-22
   2.03867e+1	  4.17950e-22
   2.04418e+1	  3.84914e-22
   2.04988e+1	  3.50718e-22
   2.05578e+1	  3.15320e-22
   2.06189e+1	  3.03209e-22
   2.06821e+1	  3.47461e-22
   2.07475e+1	  3.93268e-22
   2.08153e+1	  4.29237e-22
   2.08854e+1	  4.25731e-22
   2.09580e+1	  4.22102e-22
   2.10331e+1	  4.18897e-22
   2.11109e+1	  4.16304e-22
   2.11914e+1	  4.13621e-22
   2.12747e+1	  4.10843e-22
   2.13610e+1	  4.14355e-22
   2.14503e+1	  4.20733e-22
   2.15427e+1	  4.27336e-22
   2.16384e+1	  4.34170e-22
   2.17374e+1	  4.41245e-22
   2.18400e+1	  4.48568e-22
   2.19461e+1	  4.56148e-22
   2.20559e+1	  4.65407e-22
   2.21697e+1	  4.76400e-22
   2.22874e+1	  4.87779e-22
   2.24092e+1	  4.99558e-22
   2.25354e+1	  5.11751e-22
   2.26659e+1	  5.24372e-22
   2.28011e+1	  5.37437e-22
   2.29410e+1	  5.50961e-22
   2.30858e+1	  5.64960e-22
   2.32357e+1	  5.79451e-22
   2.33909e+1	  5.94452e-22
   2.35515e+1	  6.09980e-22
   2.37178e+1	  6.26053e-22
   2.38899e+1	  6.42691e-22
   2.40681e+1	  6.59914e-22
   2.42525e+1	  6.77742e-22
   2.44434e+1	  6.96197e-22
   2.46410e+1	  7.15300e-22
   2.48456e+1	  7.35074e-22
   2.50573e+1	  7.49541e-22
   2.52765e+1	  7.47788e-22
   2.55034e+1	  7.45972e-22
   2.57383e+1	  7.44094e-22
   2.59814e+1	  7.42149e-22
   2.62331e+1	  7.40135e-22
   2.64936e+1	  7.38051e-22
   2.67633e+1	  7.35894e-22
   2.70424e+1	  7.33661e-22
   2.73314e+1	  7.31349e-22
   2.76305e+1	  7.28956e-22
   2.79401e+1	  7.26479e-22
   2.82606e+1	  7.23915e-22
   2.85924e+1	  7.21261e-22
   2.89358e+1	  7.18514e-22
   2.92913e+1	  7.15670e-22
   2.96593e+1	  7.12726e-22
   3.00402e+1	  7.09317e-22
   3.04345e+1	  7.02614e-22
   3.08426e+1	  6.95675e-22
   3.12651e+1	  6.88493e-22
   3.17025e+1	  6.81058e-22
   3.21552e+1	  6.73361e-22
   3.26238e+1	  6.65395e-22
   3.31089e+1	  6.57148e-22
   3.36111e+1	  6.48612e-22
   3.41309e+1	  6.39775e-22
   3.46689e+1	  6.30628e-22
   3.52259e+1	  6.21160e-22
   3.58024e+1	  6.11359e-22
   3.63992e+1	  6.01213e-22
   3.70170e+1	  5.90711e-22
   3.76565e+1	  5.79840e-22
   3.83184e+1	  5.68586e-22
   3.90037e+1	  5.56938e-22
   3.97130e+1	  5.44880e-22
   4.04472e+1	  5.32845e-22
   4.12072e+1	  5.20685e-22
   4.19939e+1	  5.08097e-22
   4.28083e+1	  4.95067e-22
   4.36513e+1	  4.81579e-22
   4.45240e+1	  4.67617e-22
   4.54273e+1	  4.53164e-22
   4.63623e+1	  4.38203e-22
   4.73302e+1	  4.22717e-22
   4.83321e+1	  4.06687e-22
   4.93692e+1	  3.90093e-22
   5.04428e+1	  3.74687e-22
   5.15541e+1	  3.61351e-22
   5.27044e+1	  3.47547e-22
   5.38952e+1	  3.33258e-22
   5.51278e+1	  3.18466e-22
   5.64037e+1	  3.03155e-22
   5.77245e+1	  2.87306e-22
   5.90917e+1	  2.70900e-22
   6.05069e+1	  2.55438e-22
   6.19719e+1	  2.42253e-22
   6.34884e+1	  2.28605e-22
   6.50581e+1	  2.14477e-22
   6.66830e+1	  1.99853e-22
   6.83650e+1	  1.84715e-22
   7.01061e+1	  1.69575e-22
   7.19084e+1	  1.62366e-22
   7.37741e+1	  1.54904e-22
   7.57053e+1	  1.47179e-22
   7.77044e+1	  1.39183e-22
   7.97737e+1	  1.30905e-22
   8.19157e+1	  1.23103e-22
   8.41330e+1	  1.15121e-22
   8.64283e+1	  1.06858e-22
   8.88042e+1	  9.83049e-23
   9.12636e+1	  9.15992e-23
   9.38094e+1	  8.67621e-23
   9.64447e+1	  8.17550e-23
   9.91726e+1	  7.65720e-23
   1.01996e+2	  7.28838e-23
   1.04919e+2	  6.97855e-23
   1.07945e+2	  6.65782e-23
   1.11077e+2	  6.32582e-23
   1.14319e+2	  5.98216e-23
   1.17675e+2	  5.62642e-23
   1.21149e+2	  5.25817e-23
   1.24745e+2	  4.87699e-23
   1.28468e+2	  4.48241e-23
   1.32321e+2	  4.07397e-23
   1.36310e+2	  3.65117e-23
   1.40439e+2	  3.21351e-23
   1.44713e+2	  2.76047e-23
   1.49137e+2	  2.29151e-23
   1.53716e+2	  2.10635e-23
   1.58457e+2	  1.98689e-23
   1.63364e+2	  1.86323e-23
   1.68444e+2	  1.73522e-23
   1.73702e+2	  1.60272e-23
   1.79145e+2	  1.46556e-23
   1.84779e+2	  1.32358e-23
   1.90611e+2	  1.17661e-23
   1.96648e+2	  1.02447e-23
   2.02897e+2	  9.28121e-24
   2.09366e+2	  9.01599e-24
   2.16062e+2	  8.74145e-24
   2.22994e+2	  8.45725e-24
   2.30169e+2	  8.16307e-24
   2.37596e+2	  7.85856e-24
   2.45284e+2	  7.54334e-24
   2.53243e+2	  7.21704e-24
   2.61481e+2	  6.87928e-24
   2.70009e+2	  6.52965e-24
   2.78836e+2	  6.16773e-24
   2.87973e+2	  5.79309e-24
   2.97432e+2	  5.40528e-24
   3.07223e+2	  5.00385e-24
   3.17358e+2	  4.58831e-24
   3.27850e+2	  4.15817e-24
   3.38710e+2	  3.71291e-24
   3.49951e+2	  3.25200e-24
   3.61588e+2	  2.77490e-24
   3.73633e+2	  2.28103e-24
   3.86102e+2	  1.76981e-24
   3.99009e+2	  1.24061e-24
   4.12370e+2	  1.17691e-24
   4.26200e+2	  1.15109e-24
   4.40517e+2	  1.12437e-24
   4.55336e+2	  1.09671e-24
   4.70676e+2	  1.06807e-24
   4.86555e+2	  1.03843e-24
   5.02992e+2	  1.00775e-24
   5.20007e+2	  9.75986e-25
   5.37620e+2	  9.43109e-25
   5.55852e+2	  9.09077e-25
   5.74724e+2	  8.73848e-25
   5.94260e+2	  8.37381e-25
   6.14482e+2	  7.99633e-25
   6.35415e+2	  7.60559e-25
   6.57083e+2	  7.20111e-25
   6.79513e+2	  6.78242e-25
   7.02732e+2	  6.34901e-25
   7.26766e+2	  5.90037e-25
   7.51645e+2	  5.43597e-25
   7.77398e+2	  4.95525e-25
   8.04056e+2	  4.45763e-25
   8.31651e+2	  3.94252e-25
   8.60215e+2	  3.40932e-25
   8.89784e+2	  2.85737e-25
   9.20391e+2	  2.28603e-25
   9.52074e+2	  1.69461e-25
   9.84871e+2	  1.08241e-25
