! Mark Kushner's latest set of cross sections for e-Ar,
! but the same old Ar-Ar+ data.

5
"e"     9.1e-31     1.0
"Ar"    6.68e-26    1.0
"Ar*"   6.68e-26    1.0
"Ar**"  6.68e-26    1.0
"Ar+"   6.68e-26    1.0

17

"Elastic"
"e + Ar -> e + Ar"
0.0
101
     0.0        ,   10.0   ,
     1.0000E-02 ,   4.5000 ,
     1.0975E-02 ,   4.4059 ,
     1.2045E-02 ,   4.3027 ,
     1.3219E-02 ,   4.1893 ,
     1.4508E-02 ,   4.0650 ,
     1.5923E-02 ,   3.9284 ,
     1.7475E-02 ,   3.7786 ,
     1.9179E-02 ,   3.6142 ,
     2.1049E-02 ,   3.4338 ,
     2.3101E-02 ,   3.2357 ,
     2.5354E-02 ,   3.0184 ,
     2.7826E-02 ,   2.7798 ,
     3.0539E-02 ,   2.5550 ,
     3.3516E-02 ,   2.4721 ,
     3.6784E-02 ,   2.3810 ,
     4.0370E-02 ,   2.2811 ,
     4.4306E-02 ,   2.1715 ,
     4.8626E-02 ,   2.0511 ,
     5.3367E-02 ,   1.9191 ,
     5.8570E-02 ,   1.7741 ,
     6.4281E-02 ,   1.6150 ,
     7.0548E-02 ,   1.4404 ,
     7.7426E-02 ,   1.2488 ,
     8.4975E-02 ,   1.0385 ,
     9.3260E-02 ,   8.0775E-01 ,
     1.0235E-01 ,   6.1448E-01 ,
     1.1233E-01 ,   5.9108E-01 ,
     1.2328E-01 ,   5.6540E-01 ,
     1.3530E-01 ,   5.3721E-01 ,
     1.4850E-01 ,   5.0627E-01 ,
     1.6298E-01 ,   4.7232E-01 ,
     1.7886E-01 ,   4.3506E-01 ,
     1.9630E-01 ,   3.9417E-01 ,
     2.1544E-01 ,   3.4929E-01 ,
     2.3645E-01 ,   3.0003E-01 ,
     2.5950E-01 ,   2.4597E-01 ,
     2.8480E-01 ,   1.8664E-01 ,
     3.1257E-01 ,   1.7289E-01 ,
     3.4305E-01 ,   2.2596E-01 ,
     3.7649E-01 ,   2.8421E-01 ,
     4.1320E-01 ,   3.4813E-01 ,
     4.5349E-01 ,   4.1829E-01 ,
     4.9770E-01 ,   4.9528E-01 ,
     5.4623E-01 ,   5.7979E-01 ,
     5.9948E-01 ,   6.7253E-01 ,
     6.5793E-01 ,   7.7432E-01 ,
     7.2208E-01 ,   8.8602E-01 ,
     7.9248E-01 ,   1.0086 ,
     8.6975E-01 ,   1.1432 ,
     9.5455E-01 ,   1.2908 ,
     1.0476E+00 ,   1.4390 ,
     1.1498E+00 ,   1.5871 ,
     1.2619E+00 ,   1.7404 ,
     1.3849E+00 ,   1.9004 ,
     1.5199E+00 ,   2.0759 ,
     1.6681E+00 ,   2.2685 ,
     1.8307E+00 ,   2.4800 ,
     2.0092E+00 ,   2.7135 ,
     2.2051E+00 ,   2.9995 ,
     2.4201E+00 ,   3.3134 ,
     2.6561E+00 ,   3.6704 ,
     2.9151E+00 ,   4.0692 ,
     3.1993E+00 ,   4.4989 ,
     3.5112E+00 ,   4.9668 ,
     3.8535E+00 ,   5.4803 ,
     4.2292E+00 ,   6.1126 ,
     4.6416E+00 ,   6.8549 ,
     5.0941E+00 ,   7.6412 ,
     5.5908E+00 ,   8.3862 ,
     6.1359E+00 ,   9.2039 ,
     6.7342E+00 ,   1.0101E+01 ,
     7.3907E+00 ,   1.1086E+01 ,
     8.1113E+00 ,   1.2111E+01 ,
     8.9021E+00 ,   1.2902E+01 ,
     9.7701E+00 ,   1.3770E+01 ,
     1.0723E+01 ,   1.3964E+01 ,
     1.1768E+01 ,   1.3912E+01 ,
     1.2915E+01 ,   1.3442E+01 ,
     1.4175E+01 ,   1.2813E+01 ,
     1.5557E+01 ,   1.2044E+01 ,
     1.7074E+01 ,   1.1073E+01 ,
     1.8738E+01 ,   1.0008E+01 ,
     2.0565E+01 ,   8.9400 ,
     2.2570E+01 ,   8.0177 ,
     2.4771E+01 ,   7.0054 ,
     2.7186E+01 ,   6.3317 ,
     2.9836E+01 ,   5.6425 ,
     3.2745E+01 ,   5.1882 ,
     3.5938E+01 ,   4.7093 ,
     3.9442E+01 ,   4.1837 ,
     4.3288E+01 ,   3.7877 ,
     4.7508E+01 ,   3.3867 ,
     5.2140E+01 ,   3.0430 ,
     5.7224E+01 ,   2.7888 ,
     6.2803E+01 ,   2.5589 ,
     6.8926E+01 ,   2.3599 ,
     7.5646E+01 ,   2.1415 ,
     8.3022E+01 ,   1.9426 ,
     9.1116E+01 ,   1.7888 ,
     1.0000E+02 ,   1.6200 ;

"Inelastic"
"e + Ar -> e + Ar*"
11.6
100
     0.0000E+00 ,   0.0000E+00 ,
     1.0101E+00 ,   0.0000E+00 ,
     2.0202E+00 ,   0.0000E+00 ,
     3.0303E+00 ,   0.0000E+00 ,
     4.0404E+00 ,   0.0000E+00 ,
     5.0505E+00 ,   0.0000E+00 ,
     6.0606E+00 ,   0.0000E+00 ,
     7.0707E+00 ,   0.0000E+00 ,
     8.0808E+00 ,   0.0000E+00 ,
     9.0909E+00 ,   0.0000E+00 ,
     1.0101E+01 ,   0.0000E+00 ,
     1.1111E+01 ,   0.0000E+00 ,
     1.2121E+01 ,   2.5898E-03 ,
     1.3131E+01 ,   1.9088E-02 ,
     1.4141E+01 ,   5.1042E-02 ,
     1.5152E+01 ,   9.2851E-02 ,
     1.6162E+01 ,   1.2810E-01 ,
     1.7172E+01 ,   1.4991E-01 ,
     1.8182E+01 ,   1.5914E-01 ,
     1.9192E+01 ,   1.6172E-01 ,
     2.0202E+01 ,   1.6127E-01 ,
     2.1212E+01 ,   1.6086E-01 ,
     2.2222E+01 ,   1.6204E-01 ,
     2.3232E+01 ,   1.6402E-01 ,
     2.4242E+01 ,   1.6702E-01 ,
     2.5253E+01 ,   1.7076E-01 ,
     2.6263E+01 ,   1.7477E-01 ,
     2.7273E+01 ,   1.7935E-01 ,
     2.8283E+01 ,   1.8424E-01 ,
     2.9293E+01 ,   1.8869E-01 ,
     3.0303E+01 ,   1.9188E-01 ,
     3.1313E+01 ,   1.9669E-01 ,
     3.2323E+01 ,   2.0855E-01 ,
     3.3333E+01 ,   2.4254E-01 ,
     3.4343E+01 ,   2.5862E-01 ,
     3.5354E+01 ,   2.6161E-01 ,
     3.6364E+01 ,   2.6428E-01 ,
     3.7374E+01 ,   2.6688E-01 ,
     3.8384E+01 ,   2.6798E-01 ,
     3.9394E+01 ,   2.6906E-01 ,
     4.0404E+01 ,   2.7000E-01 ,
     4.1414E+01 ,   2.7092E-01 ,
     4.2424E+01 ,   2.7143E-01 ,
     4.3434E+01 ,   2.7195E-01 ,
     4.4444E+01 ,   2.7224E-01 ,
     4.5455E+01 ,   2.7251E-01 ,
     4.6465E+01 ,   2.7216E-01 ,
     4.7475E+01 ,   2.7149E-01 ,
     4.8485E+01 ,   2.7058E-01 ,
     4.9495E+01 ,   2.6910E-01 ,
     5.0505E+01 ,   2.6762E-01 ,
     5.1515E+01 ,   2.6652E-01 ,
     5.2525E+01 ,   2.6553E-01 ,
     5.3535E+01 ,   2.6446E-01 ,
     5.4545E+01 ,   2.6301E-01 ,
     5.5556E+01 ,   2.6156E-01 ,
     5.6566E+01 ,   2.5978E-01 ,
     5.7576E+01 ,   2.5754E-01 ,
     5.8586E+01 ,   2.5530E-01 ,
     5.9596E+01 ,   2.5316E-01 ,
     6.0606E+01 ,   2.5113E-01 ,
     6.1616E+01 ,   2.4909E-01 ,
     6.2626E+01 ,   2.4711E-01 ,
     6.3636E+01 ,   2.4518E-01 ,
     6.4646E+01 ,   2.4326E-01 ,
     6.5657E+01 ,   2.4118E-01 ,
     6.6667E+01 ,   2.3863E-01 ,
     6.7677E+01 ,   2.3608E-01 ,
     6.8687E+01 ,   2.3354E-01 ,
     6.9697E+01 ,   2.3083E-01 ,
     7.0707E+01 ,   2.2810E-01 ,
     7.1717E+01 ,   2.2537E-01 ,
     7.2727E+01 ,   2.2271E-01 ,
     7.3737E+01 ,   2.2020E-01 ,
     7.4747E+01 ,   2.1769E-01 ,
     7.5758E+01 ,   2.1518E-01 ,
     7.6768E+01 ,   2.1281E-01 ,
     7.7778E+01 ,   2.1055E-01 ,
     7.8788E+01 ,   2.0829E-01 ,
     7.9798E+01 ,   2.0603E-01 ,
     8.0808E+01 ,   2.0398E-01 ,
     8.1818E+01 ,   2.0205E-01 ,
     8.2828E+01 ,   2.0011E-01 ,
     8.3838E+01 ,   1.9818E-01 ,
     8.4848E+01 ,   1.9626E-01 ,
     8.5859E+01 ,   1.9436E-01 ,
     8.6869E+01 ,   1.9246E-01 ,
     8.7879E+01 ,   1.9056E-01 ,
     8.8889E+01 ,   1.8865E-01 ,
     8.9899E+01 ,   1.8666E-01 ,
     9.0909E+01 ,   1.8468E-01 ,
     9.1919E+01 ,   1.8269E-01 ,
     9.2929E+01 ,   1.8071E-01 ,
     9.3939E+01 ,   1.7897E-01 ,
     9.4949E+01 ,   1.7743E-01 ,
     9.5960E+01 ,   1.7590E-01 ,
     9.6970E+01 ,   1.7436E-01 ,
     9.7980E+01 ,   1.7283E-01 ,
     9.8990E+01 ,   1.7143E-01 ,
     1.0000E+02 ,   1.7010E-01 ;

"Inelastic"
"e + Ar -> e + Ar**"
13.1
100
     0.0000E+00 ,   0.0000E+00 ,
     1.0101E+00 ,   0.0000E+00 ,
     2.0202E+00 ,   0.0000E+00 ,
     3.0303E+00 ,   0.0000E+00 ,
     4.0404E+00 ,   0.0000E+00 ,
     5.0505E+00 ,   0.0000E+00 ,
     6.0606E+00 ,   0.0000E+00 ,
     7.0707E+00 ,   0.0000E+00 ,
     8.0808E+00 ,   0.0000E+00 ,
     9.0909E+00 ,   0.0000E+00 ,
     1.0101E+01 ,   0.0000E+00 ,
     1.1111E+01 ,   0.0000E+00 ,
     1.2121E+01 ,   0.0000E+00 ,
     1.3131E+01 ,   1.1268E-02 ,
     1.4141E+01 ,   2.9116E-01 ,
     1.5152E+01 ,   3.7354E-01 ,
     1.6162E+01 ,   4.3518E-01 ,
     1.7172E+01 ,   4.8350E-01 ,
     1.8182E+01 ,   5.2101E-01 ,
     1.9192E+01 ,   5.5180E-01 ,
     2.0202E+01 ,   5.7812E-01 ,
     2.1212E+01 ,   6.0056E-01 ,
     2.2222E+01 ,   6.2094E-01 ,
     2.3232E+01 ,   6.3852E-01 ,
     2.4242E+01 ,   6.5357E-01 ,
     2.5253E+01 ,   6.6682E-01 ,
     2.6263E+01 ,   6.7865E-01 ,
     2.7273E+01 ,   6.8890E-01 ,
     2.8283E+01 ,   6.9796E-01 ,
     2.9293E+01 ,   7.0616E-01 ,
     3.0303E+01 ,   7.1313E-01 ,
     3.1313E+01 ,   7.1771E-01 ,
     3.2323E+01 ,   7.2144E-01 ,
     3.3333E+01 ,   7.2473E-01 ,
     3.4343E+01 ,   7.2791E-01 ,
     3.5354E+01 ,   7.3091E-01 ,
     3.6364E+01 ,   7.3364E-01 ,
     3.7374E+01 ,   7.3612E-01 ,
     3.8384E+01 ,   7.3707E-01 ,
     3.9394E+01 ,   7.3702E-01 ,
     4.0404E+01 ,   7.3649E-01 ,
     4.1414E+01 ,   7.3560E-01 ,
     4.2424E+01 ,   7.3455E-01 ,
     4.3434E+01 ,   7.3326E-01 ,
     4.4444E+01 ,   7.3206E-01 ,
     4.5455E+01 ,   7.3122E-01 ,
     4.6465E+01 ,   7.3038E-01 ,
     4.7475E+01 ,   7.2920E-01 ,
     4.8485E+01 ,   7.2793E-01 ,
     4.9495E+01 ,   7.2661E-01 ,
     5.0505E+01 ,   7.2517E-01 ,
     5.1515E+01 ,   7.2373E-01 ,
     5.2525E+01 ,   7.2212E-01 ,
     5.3535E+01 ,   7.2040E-01 ,
     5.4545E+01 ,   7.1868E-01 ,
     5.5556E+01 ,   7.1610E-01 ,
     5.6566E+01 ,   7.1336E-01 ,
     5.7576E+01 ,   7.1061E-01 ,
     5.8586E+01 ,   7.0767E-01 ,
     5.9596E+01 ,   7.0470E-01 ,
     6.0606E+01 ,   7.0173E-01 ,
     6.1616E+01 ,   6.9990E-01 ,
     6.2626E+01 ,   6.9837E-01 ,
     6.3636E+01 ,   6.9685E-01 ,
     6.4646E+01 ,   6.9511E-01 ,
     6.5657E+01 ,   6.9317E-01 ,
     6.6667E+01 ,   6.9123E-01 ,
     6.7677E+01 ,   6.8923E-01 ,
     6.8687E+01 ,   6.8612E-01 ,
     6.9697E+01 ,   6.8300E-01 ,
     7.0707E+01 ,   6.7989E-01 ,
     7.1717E+01 ,   6.7654E-01 ,
     7.2727E+01 ,   6.7284E-01 ,
     7.3737E+01 ,   6.6914E-01 ,
     7.4747E+01 ,   6.6545E-01 ,
     7.5758E+01 ,   6.6190E-01 ,
     7.6768E+01 ,   6.5847E-01 ,
     7.7778E+01 ,   6.5504E-01 ,
     7.8788E+01 ,   6.5160E-01 ,
     7.9798E+01 ,   6.4813E-01 ,
     8.0808E+01 ,   6.4461E-01 ,
     8.1818E+01 ,   6.4110E-01 ,
     8.2828E+01 ,   6.3758E-01 ,
     8.3838E+01 ,   6.3389E-01 ,
     8.4848E+01 ,   6.2973E-01 ,
     8.5859E+01 ,   6.2557E-01 ,
     8.6869E+01 ,   6.2141E-01 ,
     8.7879E+01 ,   6.1725E-01 ,
     8.8889E+01 ,   6.1319E-01 ,
     8.9899E+01 ,   6.0917E-01 ,
     9.0909E+01 ,   6.0514E-01 ,
     9.1919E+01 ,   6.0111E-01 ,
     9.2929E+01 ,   5.9709E-01 ,
     9.3939E+01 ,   5.9345E-01 ,
     9.4949E+01 ,   5.8981E-01 ,
     9.5960E+01 ,   5.8617E-01 ,
     9.6970E+01 ,   5.8253E-01 ,
     9.7980E+01 ,   5.7890E-01 ,
     9.8990E+01 ,   5.7538E-01 ,
     1.0000E+02 ,   5.7187E-01 ;

"Inelastic"
"e + Ar -> e + e + Ar+"
16.0
100
     0.0000E+00 ,   0.0000E+00 ,
     1.0101E+00 ,   0.0000E+00 ,
     2.0202E+00 ,   0.0000E+00 ,
     3.0303E+00 ,   0.0000E+00 ,
     4.0404E+00 ,   0.0000E+00 ,
     5.0505E+00 ,   0.0000E+00 ,
     6.0606E+00 ,   0.0000E+00 ,
     7.0707E+00 ,   0.0000E+00 ,
     8.0808E+00 ,   0.0000E+00 ,
     9.0909E+00 ,   0.0000E+00 ,
     1.0101E+01 ,   0.0000E+00 ,
     1.1111E+01 ,   0.0000E+00 ,
     1.2121E+01 ,   0.0000E+00 ,
     1.3131E+01 ,   0.0000E+00 ,
     1.4141E+01 ,   0.0000E+00 ,
     1.5152E+01 ,   0.0000E+00 ,
     1.6162E+01 ,   2.1597E-02 ,
     1.7172E+01 ,   1.6050E-01 ,
     1.8182E+01 ,   3.2401E-01 ,
     1.9192E+01 ,   4.9287E-01 ,
     2.0202E+01 ,   6.6129E-01 ,
     2.1212E+01 ,   8.1668E-01 ,
     2.2222E+01 ,   9.5925E-01 ,
     2.3232E+01 ,   1.0836 ,
     2.4242E+01 ,   1.2079 ,
     2.5253E+01 ,   1.3278 ,
     2.6263E+01 ,   1.4320 ,
     2.7273E+01 ,   1.5297 ,
     2.8283E+01 ,   1.6286 ,
     2.9293E+01 ,   1.7308 ,
     3.0303E+01 ,   1.8262 ,
     3.1313E+01 ,   1.9062 ,
     3.2323E+01 ,   1.9847 ,
     3.3333E+01 ,   2.0601 ,
     3.4343E+01 ,   2.1326 ,
     3.5354E+01 ,   2.1992 ,
     3.6364E+01 ,   2.2578 ,
     3.7374E+01 ,   2.3022 ,
     3.8384E+01 ,   2.3416 ,
     3.9394E+01 ,   2.3726 ,
     4.0404E+01 ,   2.3998 ,
     4.1414E+01 ,   2.4211 ,
     4.2424E+01 ,   2.4424 ,
     4.3434E+01 ,   2.4605 ,
     4.4444E+01 ,   2.4782 ,
     4.5455E+01 ,   2.4912 ,
     4.6465E+01 ,   2.4983 ,
     4.7475E+01 ,   2.5054 ,
     4.8485E+01 ,   2.5160 ,
     4.9495E+01 ,   2.5266 ,
     5.0505E+01 ,   2.5373 ,
     5.1515E+01 ,   2.5479 ,
     5.2525E+01 ,   2.5587 ,
     5.3535E+01 ,   2.5729 ,
     5.4545E+01 ,   2.5871 ,
     5.5556E+01 ,   2.5994 ,
     5.6566E+01 ,   2.6100 ,
     5.7576E+01 ,   2.6209 ,
     5.8586E+01 ,   2.6351 ,
     5.9596E+01 ,   2.6493 ,
     6.0606E+01 ,   2.6636 ,
     6.1616E+01 ,   2.6778 ,
     6.2626E+01 ,   2.6920 ,
     6.3636E+01 ,   2.7062 ,
     6.4646E+01 ,   2.7204 ,
     6.5657E+01 ,   2.7311 ,
     6.6667E+01 ,   2.7400 ,
     6.7677E+01 ,   2.7489 ,
     6.8687E+01 ,   2.7578 ,
     6.9697E+01 ,   2.7667 ,
     7.0707E+01 ,   2.7755 ,
     7.1717E+01 ,   2.7844 ,
     7.2727E+01 ,   2.7933 ,
     7.3737E+01 ,   2.8022 ,
     7.4747E+01 ,   2.8111 ,
     7.5758E+01 ,   2.8173 ,
     7.6768E+01 ,   2.8226 ,
     7.7778E+01 ,   2.8279 ,
     7.8788E+01 ,   2.8333 ,
     7.9798E+01 ,   2.8386 ,
     8.0808E+01 ,   2.8411 ,
     8.1818E+01 ,   2.8429 ,
     8.2828E+01 ,   2.8446 ,
     8.3838E+01 ,   2.8464 ,
     8.4848E+01 ,   2.8482 ,
     8.5859E+01 ,   2.8500 ,
     8.6869E+01 ,   2.8517 ,
     8.7879E+01 ,   2.8535 ,
     8.8889E+01 ,   2.8553 ,
     8.9899E+01 ,   2.8571 ,
     9.0909E+01 ,   2.8572 ,
     9.1919E+01 ,   2.8572 ,
     9.2929E+01 ,   2.8572 ,
     9.3939E+01 ,   2.8572 ,
     9.4949E+01 ,   2.8572 ,
     9.5960E+01 ,   2.8556 ,
     9.6970E+01 ,   2.8538 ,
     9.7980E+01 ,   2.8520 ,
     9.8990E+01 ,   2.8502 ,
     1.0000E+02 ,   2.8484 ;

"Inelastic"
"e + Ar* -> e + Ar"
-11.6
100
     0.0000E+00 ,   5.7684E-01 ,
     1.0101E+00 ,   6.9397E-02 ,
     2.0202E+00 ,   2.5613E-01 ,
     3.0303E+00 ,   3.4518E-01 ,
     4.0404E+00 ,   4.3392E-01 ,
     5.0505E+00 ,   4.6711E-01 ,
     6.0606E+00 ,   4.5393E-01 ,
     7.0707E+00 ,   4.2480E-01 ,
     8.0808E+00 ,   3.9378E-01 ,
     9.0909E+00 ,   3.6668E-01 ,
     1.0101E+01 ,   3.4668E-01 ,
     1.1111E+01 ,   3.3315E-01 ,
     1.2121E+01 ,   3.2339E-01 ,
     1.3131E+01 ,   3.1803E-01 ,
     1.4141E+01 ,   3.1450E-01 ,
     1.5152E+01 ,   3.1266E-01 ,
     1.6162E+01 ,   3.1221E-01 ,
     1.7172E+01 ,   3.1294E-01 ,
     1.8182E+01 ,   3.1174E-01 ,
     1.9192E+01 ,   3.1143E-01 ,
     2.0202E+01 ,   3.1377E-01 ,
     2.1212E+01 ,   3.4866E-01 ,
     2.2222E+01 ,   3.9142E-01 ,
     2.3232E+01 ,   3.9006E-01 ,
     2.4242E+01 ,   3.8888E-01 ,
     2.5253E+01 ,   3.8764E-01 ,
     2.6263E+01 ,   3.8564E-01 ,
     2.7273E+01 ,   3.8281E-01 ,
     2.8283E+01 ,   3.8015E-01 ,
     2.9293E+01 ,   3.7764E-01 ,
     3.0303E+01 ,   3.7505E-01 ,
     3.1313E+01 ,   3.7241E-01 ,
     3.2323E+01 ,   3.6983E-01 ,
     3.3333E+01 ,   3.6723E-01 ,
     3.4343E+01 ,   3.6461E-01 ,
     3.5354E+01 ,   3.6109E-01 ,
     3.6364E+01 ,   3.5771E-01 ,
     3.7374E+01 ,   3.5367E-01 ,
     3.8384E+01 ,   3.4953E-01 ,
     3.9394E+01 ,   3.4571E-01 ,
     4.0404E+01 ,   3.4247E-01 ,
     4.1414E+01 ,   3.3933E-01 ,
     4.2424E+01 ,   3.3591E-01 ,
     4.3434E+01 ,   3.3239E-01 ,
     4.4444E+01 ,   3.2897E-01 ,
     4.5455E+01 ,   3.2473E-01 ,
     4.6465E+01 ,   3.2050E-01 ,
     4.7475E+01 ,   3.1635E-01 ,
     4.8485E+01 ,   3.1253E-01 ,
     4.9495E+01 ,   3.0879E-01 ,
     5.0505E+01 ,   3.0511E-01 ,
     5.1515E+01 ,   3.0163E-01 ,
     5.2525E+01 ,   2.9821E-01 ,
     5.3535E+01 ,   2.9485E-01 ,
     5.4545E+01 ,   2.9098E-01 ,
     5.5556E+01 ,   2.8697E-01 ,
     5.6566E+01 ,   2.8302E-01 ,
     5.7576E+01 ,   2.7903E-01 ,
     5.8586E+01 ,   2.7495E-01 ,
     5.9596E+01 ,   2.7092E-01 ,
     6.0606E+01 ,   2.6693E-01 ,
     6.1616E+01 ,   2.6320E-01 ,
     6.2626E+01 ,   2.5955E-01 ,
     6.3636E+01 ,   2.5593E-01 ,
     6.4646E+01 ,   2.5237E-01 ,
     6.5657E+01 ,   2.4912E-01 ,
     6.6667E+01 ,   2.4590E-01 ,
     6.7677E+01 ,   2.4271E-01 ,
     6.8687E+01 ,   2.3960E-01 ,
     6.9697E+01 ,   2.3684E-01 ,
     7.0707E+01 ,   2.3411E-01 ,
     7.1717E+01 ,   2.3140E-01 ,
     7.2727E+01 ,   2.2871E-01 ,
     7.3737E+01 ,   2.2607E-01 ,
     7.4747E+01 ,   2.2346E-01 ,
     7.5758E+01 ,   2.2087E-01 ,
     7.6768E+01 ,   2.1829E-01 ,
     7.7778E+01 ,   2.1568E-01 ,
     7.8788E+01 ,   2.1304E-01 ,
     7.9798E+01 ,   2.1042E-01 ,
     8.0808E+01 ,   2.0781E-01 ,
     8.1818E+01 ,   2.0524E-01 ,
     8.2828E+01 ,   2.0318E-01 ,
     8.3838E+01 ,   2.0114E-01 ,
     8.4848E+01 ,   1.9910E-01 ,
     8.5859E+01 ,   1.9708E-01 ,
     8.6869E+01 ,   1.9511E-01 ,
     8.7879E+01 ,   1.9333E-01 ,
     8.8889E+01 ,   1.9157E-01 ,
     8.9899E+01 ,   1.8981E-01 ,
     9.0909E+01 ,   1.8806E-01 ,
     9.1919E+01 ,   1.8635E-01 ,
     9.2929E+01 ,   1.8484E-01 ,
     9.3939E+01 ,   1.8334E-01 ,
     9.4949E+01 ,   1.8184E-01 ,
     9.5960E+01 ,   1.8035E-01 ,
     9.6970E+01 ,   1.7887E-01 ,
     9.7980E+01 ,   1.7747E-01 ,
     9.8990E+01 ,   1.7609E-01 ,
     1.0000E+02 ,   1.7471E-01 ;

"Inelastic"
"e + Ar* -> Ar** + e"
1.58
100
     0.0000E+00 ,   0.0000E+00 ,
     1.0101E+00 ,   0.0000E+00 ,
     2.0202E+00 ,   1.8848E+01 ,
     3.0303E+00 ,   4.6358E+01 ,
     4.0404E+00 ,   5.3712E+01 ,
     5.0505E+00 ,   5.8058E+01 ,
     6.0606E+00 ,   6.1121E+01 ,
     7.0707E+00 ,   6.3291E+01 ,
     8.0808E+00 ,   6.4719E+01 ,
     9.0909E+00 ,   6.5707E+01 ,
     1.0101E+01 ,   6.6202E+01 ,
     1.1111E+01 ,   6.6376E+01 ,
     1.2121E+01 ,   6.6565E+01 ,
     1.3131E+01 ,   6.6347E+01 ,
     1.4141E+01 ,   6.6010E+01 ,
     1.5152E+01 ,   6.5662E+01 ,
     1.6162E+01 ,   6.5207E+01 ,
     1.7172E+01 ,   6.4635E+01 ,
     1.8182E+01 ,   6.3884E+01 ,
     1.9192E+01 ,   6.3314E+01 ,
     2.0202E+01 ,   6.3290E+01 ,
     2.1212E+01 ,   6.3266E+01 ,
     2.2222E+01 ,   6.2799E+01 ,
     2.3232E+01 ,   6.2188E+01 ,
     2.4242E+01 ,   6.1685E+01 ,
     2.5253E+01 ,   6.1245E+01 ,
     2.6263E+01 ,   6.0433E+01 ,
     2.7273E+01 ,   5.9519E+01 ,
     2.8283E+01 ,   5.8746E+01 ,
     2.9293E+01 ,   5.8116E+01 ,
     3.0303E+01 ,   5.7470E+01 ,
     3.1313E+01 ,   5.6682E+01 ,
     3.2323E+01 ,   5.5894E+01 ,
     3.3333E+01 ,   5.5159E+01 ,
     3.4343E+01 ,   5.4433E+01 ,
     3.5354E+01 ,   5.3598E+01 ,
     3.6364E+01 ,   5.2733E+01 ,
     3.7374E+01 ,   5.1949E+01 ,
     3.8384E+01 ,   5.1230E+01 ,
     3.9394E+01 ,   5.0417E+01 ,
     4.0404E+01 ,   4.9375E+01 ,
     4.1414E+01 ,   4.8607E+01 ,
     4.2424E+01 ,   4.7943E+01 ,
     4.3434E+01 ,   4.7303E+01 ,
     4.4444E+01 ,   4.6800E+01 ,
     4.5455E+01 ,   4.6297E+01 ,
     4.6465E+01 ,   4.5720E+01 ,
     4.7475E+01 ,   4.5028E+01 ,
     4.8485E+01 ,   4.4336E+01 ,
     4.9495E+01 ,   4.3659E+01 ,
     5.0505E+01 ,   4.2984E+01 ,
     5.1515E+01 ,   4.2081E+01 ,
     5.2525E+01 ,   4.1128E+01 ,
     5.3535E+01 ,   4.0175E+01 ,
     5.4545E+01 ,   3.9677E+01 ,
     5.5556E+01 ,   3.9274E+01 ,
     5.6566E+01 ,   3.8871E+01 ,
     5.7576E+01 ,   3.8468E+01 ,
     5.8586E+01 ,   3.7913E+01 ,
     5.9596E+01 ,   3.7333E+01 ,
     6.0606E+01 ,   3.6753E+01 ,
     6.1616E+01 ,   3.6173E+01 ,
     6.2626E+01 ,   3.5512E+01 ,
     6.3636E+01 ,   3.4839E+01 ,
     6.4646E+01 ,   3.4166E+01 ,
     6.5657E+01 ,   3.3454E+01 ,
     6.6667E+01 ,   3.2682E+01 ,
     6.7677E+01 ,   3.1909E+01 ,
     6.8687E+01 ,   3.1136E+01 ,
     6.9697E+01 ,   3.0373E+01 ,
     7.0707E+01 ,   2.9624E+01 ,
     7.1717E+01 ,   2.8875E+01 ,
     7.2727E+01 ,   2.8125E+01 ,
     7.3737E+01 ,   2.7342E+01 ,
     7.4747E+01 ,   2.6522E+01 ,
     7.5758E+01 ,   2.5702E+01 ,
     7.6768E+01 ,   2.4882E+01 ,
     7.7778E+01 ,   2.4062E+01 ,
     7.8788E+01 ,   2.3248E+01 ,
     7.9798E+01 ,   2.2436E+01 ,
     8.0808E+01 ,   2.1624E+01 ,
     8.1818E+01 ,   2.0811E+01 ,
     8.2828E+01 ,   2.0006E+01 ,
     8.3838E+01 ,   1.9369E+01 ,
     8.4848E+01 ,   1.8731E+01 ,
     8.5859E+01 ,   1.8094E+01 ,
     8.6869E+01 ,   1.7457E+01 ,
     8.7879E+01 ,   1.6819E+01 ,
     8.8889E+01 ,   1.6241E+01 ,
     8.9899E+01 ,   1.5704E+01 ,
     9.0909E+01 ,   1.5166E+01 ,
     9.1919E+01 ,   1.4628E+01 ,
     9.2929E+01 ,   1.4091E+01 ,
     9.3939E+01 ,   1.3553E+01 ,
     9.4949E+01 ,   1.3016E+01 ,
     9.5960E+01 ,   1.2536E+01 ,
     9.6970E+01 ,   1.2109E+01 ,
     9.7980E+01 ,   1.1681E+01 ,
     9.8990E+01 ,   1.1254E+01 ,
     1.0000E+02 ,   1.0826E+01 ;

"Inelastic"
"e + Ar* -> e + e + Ar+"
4.425
100
     0.0000E+00 ,   0.0000E+00 ,
     1.0101E+00 ,   0.0000E+00 ,
     2.0202E+00 ,   0.0000E+00 ,
     3.0303E+00 ,   0.0000E+00 ,
     4.0404E+00 ,   0.0000E+00 ,
     5.0505E+00 ,   2.5228 ,
     6.0606E+00 ,   5.9892 ,
     7.0707E+00 ,   7.5587 ,
     8.0808E+00 ,   8.0182 ,
     9.0909E+00 ,   8.1706 ,
     1.0101E+01 ,   8.1518 ,
     1.1111E+01 ,   7.9691 ,
     1.2121E+01 ,   7.7338 ,
     1.3131E+01 ,   7.5077 ,
     1.4141E+01 ,   7.4116 ,
     1.5152E+01 ,   7.3647 ,
     1.6162E+01 ,   7.3453 ,
     1.7172E+01 ,   7.3637 ,
     1.8182E+01 ,   7.4339 ,
     1.9192E+01 ,   7.5917 ,
     2.0202E+01 ,   7.7509 ,
     2.1212E+01 ,   7.9186 ,
     2.2222E+01 ,   8.0052 ,
     2.3232E+01 ,   8.0212 ,
     2.4242E+01 ,   8.0175 ,
     2.5253E+01 ,   8.0028 ,
     2.6263E+01 ,   7.9677 ,
     2.7273E+01 ,   7.9229 ,
     2.8283E+01 ,   7.8669 ,
     2.9293E+01 ,   7.8025 ,
     3.0303E+01 ,   7.7381 ,
     3.1313E+01 ,   7.6758 ,
     3.2323E+01 ,   7.6146 ,
     3.3333E+01 ,   7.5534 ,
     3.4343E+01 ,   7.4922 ,
     3.5354E+01 ,   7.4299 ,
     3.6364E+01 ,   7.3670 ,
     3.7374E+01 ,   7.3041 ,
     3.8384E+01 ,   7.2412 ,
     3.9394E+01 ,   7.1966 ,
     4.0404E+01 ,   7.1565 ,
     4.1414E+01 ,   7.1163 ,
     4.2424E+01 ,   7.0762 ,
     4.3434E+01 ,   7.0360 ,
     4.4444E+01 ,   6.9967 ,
     4.5455E+01 ,   6.9605 ,
     4.6465E+01 ,   6.9243 ,
     4.7475E+01 ,   6.8881 ,
     4.8485E+01 ,   6.8520 ,
     4.9495E+01 ,   6.8158 ,
     5.0505E+01 ,   6.7796 ,
     5.1515E+01 ,   6.7427 ,
     5.2525E+01 ,   6.7047 ,
     5.3535E+01 ,   6.6668 ,
     5.4545E+01 ,   6.6288 ,
     5.5556E+01 ,   6.5909 ,
     5.6566E+01 ,   6.5529 ,
     5.7576E+01 ,   6.5150 ,
     5.8586E+01 ,   6.4770 ,
     5.9596E+01 ,   6.4391 ,
     6.0606E+01 ,   6.4026 ,
     6.1616E+01 ,   6.3846 ,
     6.2626E+01 ,   6.3666 ,
     6.3636E+01 ,   6.3486 ,
     6.4646E+01 ,   6.3306 ,
     6.5657E+01 ,   6.3125 ,
     6.6667E+01 ,   6.2945 ,
     6.7677E+01 ,   6.2765 ,
     6.8687E+01 ,   6.2585 ,
     6.9697E+01 ,   6.2404 ,
     7.0707E+01 ,   6.2224 ,
     7.1717E+01 ,   6.2044 ,
     7.2727E+01 ,   6.1863 ,
     7.3737E+01 ,   6.1682 ,
     7.4747E+01 ,   6.1501 ,
     7.5758E+01 ,   6.1320 ,
     7.6768E+01 ,   6.1138 ,
     7.7778E+01 ,   6.0957 ,
     7.8788E+01 ,   6.0776 ,
     7.9798E+01 ,   6.0595 ,
     8.0808E+01 ,   6.0414 ,
     8.1818E+01 ,   6.0232 ,
     8.2828E+01 ,   6.0051 ,
     8.3838E+01 ,   5.9870 ,
     8.4848E+01 ,   5.9689 ,
     8.5859E+01 ,   5.9508 ,
     8.6869E+01 ,   5.9338 ,
     8.7879E+01 ,   5.9168 ,
     8.8889E+01 ,   5.8998 ,
     8.9899E+01 ,   5.8828 ,
     9.0909E+01 ,   5.8658 ,
     9.1919E+01 ,   5.8488 ,
     9.2929E+01 ,   5.8318 ,
     9.3939E+01 ,   5.8148 ,
     9.4949E+01 ,   5.7978 ,
     9.5960E+01 ,   5.7808 ,
     9.6970E+01 ,   5.7638 ,
     9.7980E+01 ,   5.7468 ,
     9.8990E+01 ,   5.7298 ,
     1.0000E+02 ,   5.7128 ;

"Inelastic"
"e + Ar** -> e + Ar"
-13.1
100
     0.0000E+00 ,   4.7174E+01 ,
     1.0101E+00 ,   4.0340 ,
     2.0202E+00 ,   2.7861 ,
     3.0303E+00 ,   2.3103 ,
     4.0404E+00 ,   2.0484 ,
     5.0505E+00 ,   1.8707 ,
     6.0606E+00 ,   1.7433 ,
     7.0707E+00 ,   1.6484 ,
     8.0808E+00 ,   1.5736 ,
     9.0909E+00 ,   1.5152 ,
     1.0101E+01 ,   1.4663 ,
     1.1111E+01 ,   1.4239 ,
     1.2121E+01 ,   1.3874 ,
     1.3131E+01 ,   1.3557 ,
     1.4141E+01 ,   1.3270 ,
     1.5152E+01 ,   1.3015 ,
     1.6162E+01 ,   1.2786 ,
     1.7172E+01 ,   1.2572 ,
     1.8182E+01 ,   1.2350 ,
     1.9192E+01 ,   1.2141 ,
     2.0202E+01 ,   1.1949 ,
     2.1212E+01 ,   1.1776 ,
     2.2222E+01 ,   1.1620 ,
     2.3232E+01 ,   1.1475 ,
     2.4242E+01 ,   1.1341 ,
     2.5253E+01 ,   1.1197 ,
     2.6263E+01 ,   1.1049 ,
     2.7273E+01 ,   1.0905 ,
     2.8283E+01 ,   1.0766 ,
     2.9293E+01 ,   1.0633 ,
     3.0303E+01 ,   1.0505 ,
     3.1313E+01 ,   1.0385 ,
     3.2323E+01 ,   1.0278 ,
     3.3333E+01 ,   1.0176 ,
     3.4343E+01 ,   1.0076 ,
     3.5354E+01 ,   9.9787E-01 ,
     3.6364E+01 ,   9.8858E-01 ,
     3.7374E+01 ,   9.7956E-01 ,
     3.8384E+01 ,   9.7094E-01 ,
     3.9394E+01 ,   9.6246E-01 ,
     4.0404E+01 ,   9.5417E-01 ,
     4.1414E+01 ,   9.4621E-01 ,
     4.2424E+01 ,   9.3745E-01 ,
     4.3434E+01 ,   9.2873E-01 ,
     4.4444E+01 ,   9.2028E-01 ,
     4.5455E+01 ,   9.1183E-01 ,
     4.6465E+01 ,   9.0359E-01 ,
     4.7475E+01 ,   8.9557E-01 ,
     4.8485E+01 ,   8.8917E-01 ,
     4.9495E+01 ,   8.8338E-01 ,
     5.0505E+01 ,   8.7775E-01 ,
     5.1515E+01 ,   8.7204E-01 ,
     5.2525E+01 ,   8.6622E-01 ,
     5.3535E+01 ,   8.6054E-01 ,
     5.4545E+01 ,   8.5495E-01 ,
     5.5556E+01 ,   8.4809E-01 ,
     5.6566E+01 ,   8.4137E-01 ,
     5.7576E+01 ,   8.3477E-01 ,
     5.8586E+01 ,   8.2801E-01 ,
     5.9596E+01 ,   8.2093E-01 ,
     6.0606E+01 ,   8.1397E-01 ,
     6.1616E+01 ,   8.0711E-01 ,
     6.2626E+01 ,   8.0054E-01 ,
     6.3636E+01 ,   7.9420E-01 ,
     6.4646E+01 ,   7.8795E-01 ,
     6.5657E+01 ,   7.8179E-01 ,
     6.6667E+01 ,   7.7566E-01 ,
     6.7677E+01 ,   7.6956E-01 ,
     6.8687E+01 ,   7.6354E-01 ,
     6.9697E+01 ,   7.5759E-01 ,
     7.0707E+01 ,   7.5152E-01 ,
     7.1717E+01 ,   7.4494E-01 ,
     7.2727E+01 ,   7.3843E-01 ,
     7.3737E+01 ,   7.3199E-01 ,
     7.4747E+01 ,   7.2561E-01 ,
     7.5758E+01 ,   7.1940E-01 ,
     7.6768E+01 ,   7.1329E-01 ,
     7.7778E+01 ,   7.0723E-01 ,
     7.8788E+01 ,   7.0122E-01 ,
     7.9798E+01 ,   6.9527E-01 ,
     8.0808E+01 ,   6.8981E-01 ,
     8.1818E+01 ,   6.8440E-01 ,
     8.2828E+01 ,   6.7903E-01 ,
     8.3838E+01 ,   6.7371E-01 ,
     8.4848E+01 ,   6.6842E-01 ,
     8.5859E+01 ,   6.6332E-01 ,
     8.6869E+01 ,   6.5826E-01 ,
     8.7879E+01 ,   6.5323E-01 ,
     8.8889E+01 ,   6.4824E-01 ,
     8.9899E+01 ,   6.4328E-01 ,
     9.0909E+01 ,   6.3862E-01 ,
     9.1919E+01 ,   6.3411E-01 ,
     9.2929E+01 ,   6.2963E-01 ,
     9.3939E+01 ,   6.2517E-01 ,
     9.4949E+01 ,   6.2075E-01 ,
     9.5960E+01 ,   6.1632E-01 ,
     9.6970E+01 ,   6.1182E-01 ,
     9.7980E+01 ,   6.0734E-01 ,
     9.8990E+01 ,   6.0289E-01 ,
     1.0000E+02 ,   5.9846E-01 ;

"Inelastic"
"e + Ar** -> e + Ar*"
-1.58
100
     0.0000E+00 ,   7.0131E+01 ,
     1.0101E+00 ,   1.0033E+02 ,
     2.0202E+00 ,   9.1125E+01 ,
     3.0303E+00 ,   8.6037E+01 ,
     4.0404E+00 ,   8.3276E+01 ,
     5.0505E+00 ,   8.1897E+01 ,
     6.0606E+00 ,   8.0910E+01 ,
     7.0707E+00 ,   7.9931E+01 ,
     8.0808E+00 ,   7.9071E+01 ,
     9.0909E+00 ,   7.7814E+01 ,
     1.0101E+01 ,   7.6881E+01 ,
     1.1111E+01 ,   7.5906E+01 ,
     1.2121E+01 ,   7.4785E+01 ,
     1.3131E+01 ,   7.3732E+01 ,
     1.4141E+01 ,   7.2769E+01 ,
     1.5152E+01 ,   7.1649E+01 ,
     1.6162E+01 ,   7.0488E+01 ,
     1.7172E+01 ,   6.9298E+01 ,
     1.8182E+01 ,   6.8801E+01 ,
     1.9192E+01 ,   6.8485E+01 ,
     2.0202E+01 ,   6.7997E+01 ,
     2.1212E+01 ,   6.7106E+01 ,
     2.2222E+01 ,   6.6275E+01 ,
     2.3232E+01 ,   6.5614E+01 ,
     2.4242E+01 ,   6.4795E+01 ,
     2.5253E+01 ,   6.3665E+01 ,
     2.6263E+01 ,   6.2571E+01 ,
     2.7273E+01 ,   6.1773E+01 ,
     2.8283E+01 ,   6.0986E+01 ,
     2.9293E+01 ,   6.0100E+01 ,
     3.0303E+01 ,   5.9169E+01 ,
     3.1313E+01 ,   5.8274E+01 ,
     3.2323E+01 ,   5.7425E+01 ,
     3.3333E+01 ,   5.6533E+01 ,
     3.4343E+01 ,   5.5552E+01 ,
     3.5354E+01 ,   5.4597E+01 ,
     3.6364E+01 ,   5.3782E+01 ,
     3.7374E+01 ,   5.2972E+01 ,
     3.8384E+01 ,   5.1879E+01 ,
     3.9394E+01 ,   5.0857E+01 ,
     4.0404E+01 ,   5.0118E+01 ,
     4.1414E+01 ,   4.9382E+01 ,
     4.2424E+01 ,   4.8770E+01 ,
     4.3434E+01 ,   4.8207E+01 ,
     4.4444E+01 ,   4.7648E+01 ,
     4.5455E+01 ,   4.6904E+01 ,
     4.6465E+01 ,   4.6155E+01 ,
     4.7475E+01 ,   4.5415E+01 ,
     4.8485E+01 ,   4.4687E+01 ,
     4.9495E+01 ,   4.3852E+01 ,
     5.0505E+01 ,   4.2842E+01 ,
     5.1515E+01 ,   4.1834E+01 ,
     5.2525E+01 ,   4.1051E+01 ,
     5.3535E+01 ,   4.0613E+01 ,
     5.4545E+01 ,   4.0177E+01 ,
     5.5556E+01 ,   3.9742E+01 ,
     5.6566E+01 ,   3.9231E+01 ,
     5.7576E+01 ,   3.8616E+01 ,
     5.8586E+01 ,   3.8003E+01 ,
     5.9596E+01 ,   3.7390E+01 ,
     6.0606E+01 ,   3.6739E+01 ,
     6.1616E+01 ,   3.6033E+01 ,
     6.2626E+01 ,   3.5328E+01 ,
     6.3636E+01 ,   3.4624E+01 ,
     6.4646E+01 ,   3.3824E+01 ,
     6.5657E+01 ,   3.3021E+01 ,
     6.6667E+01 ,   3.2218E+01 ,
     6.7677E+01 ,   3.1416E+01 ,
     6.8687E+01 ,   3.0639E+01 ,
     6.9697E+01 ,   2.9862E+01 ,
     7.0707E+01 ,   2.9087E+01 ,
     7.1717E+01 ,   2.8309E+01 ,
     7.2727E+01 ,   2.7463E+01 ,
     7.3737E+01 ,   2.6617E+01 ,
     7.4747E+01 ,   2.5772E+01 ,
     7.5758E+01 ,   2.4928E+01 ,
     7.6768E+01 ,   2.4087E+01 ,
     7.7778E+01 ,   2.3252E+01 ,
     7.8788E+01 ,   2.2418E+01 ,
     7.9798E+01 ,   2.1584E+01 ,
     8.0808E+01 ,   2.0750E+01 ,
     8.1818E+01 ,   2.0025E+01 ,
     8.2828E+01 ,   1.9371E+01 ,
     8.3838E+01 ,   1.8717E+01 ,
     8.4848E+01 ,   1.8064E+01 ,
     8.5859E+01 ,   1.7411E+01 ,
     8.6869E+01 ,   1.6775E+01 ,
     8.7879E+01 ,   1.6224E+01 ,
     8.8889E+01 ,   1.5674E+01 ,
     8.9899E+01 ,   1.5123E+01 ,
     9.0909E+01 ,   1.4574E+01 ,
     9.1919E+01 ,   1.4024E+01 ,
     9.2929E+01 ,   1.3475E+01 ,
     9.3939E+01 ,   1.2936E+01 ,
     9.4949E+01 ,   1.2499E+01 ,
     9.5960E+01 ,   1.2062E+01 ,
     9.6970E+01 ,   1.1626E+01 ,
     9.7980E+01 ,   1.1190E+01 ,
     9.8990E+01 ,   1.0754E+01 ,
     1.0000E+02 ,   1.0318E+01 ;

"Inelastic"
"e + Ar** -> e + e + Ar+"
2.9
100
     0.0000E+00 ,   0.0000E+00 ,
     1.0101E+00 ,   0.0000E+00 ,
     2.0202E+00 ,   0.0000E+00 ,
     3.0303E+00 ,   3.1937E-01 ,
     4.0404E+00 ,   5.0955 ,
     5.0505E+00 ,   8.8875 ,
     6.0606E+00 ,   1.1281E+01 ,
     7.0707E+00 ,   1.2698E+01 ,
     8.0808E+00 ,   1.3481E+01 ,
     9.0909E+00 ,   1.3858E+01 ,
     1.0101E+01 ,   1.3973E+01 ,
     1.1111E+01 ,   1.3920E+01 ,
     1.2121E+01 ,   1.3759E+01 ,
     1.3131E+01 ,   1.3530E+01 ,
     1.4141E+01 ,   1.3258E+01 ,
     1.5152E+01 ,   1.2963E+01 ,
     1.6162E+01 ,   1.2654E+01 ,
     1.7172E+01 ,   1.2342E+01 ,
     1.8182E+01 ,   1.2030E+01 ,
     1.9192E+01 ,   1.1722E+01 ,
     2.0202E+01 ,   1.1422E+01 ,
     2.1212E+01 ,   1.1129E+01 ,
     2.2222E+01 ,   1.0847E+01 ,
     2.3232E+01 ,   1.0573E+01 ,
     2.4242E+01 ,   1.0310E+01 ,
     2.5253E+01 ,   1.0057E+01 ,
     2.6263E+01 ,   9.8137 ,
     2.7273E+01 ,   9.5799 ,
     2.8283E+01 ,   9.3554 ,
     2.9293E+01 ,   9.1398 ,
     3.0303E+01 ,   8.9327 ,
     3.1313E+01 ,   8.7339 ,
     3.2323E+01 ,   8.5429 ,
     3.3333E+01 ,   8.3593 ,
     3.4343E+01 ,   8.1829 ,
     3.5354E+01 ,   8.0132 ,
     3.6364E+01 ,   7.8499 ,
     3.7374E+01 ,   7.6927 ,
     3.8384E+01 ,   7.5414 ,
     3.9394E+01 ,   7.3956 ,
     4.0404E+01 ,   7.2550 ,
     4.1414E+01 ,   7.1195 ,
     4.2424E+01 ,   6.9887 ,
     4.3434E+01 ,   6.8624 ,
     4.4444E+01 ,   6.7404 ,
     4.5455E+01 ,   6.6225 ,
     4.6465E+01 ,   6.5086 ,
     4.7475E+01 ,   6.3984 ,
     4.8485E+01 ,   6.2917 ,
     4.9495E+01 ,   6.1884 ,
     5.0505E+01 ,   6.0884 ,
     5.1515E+01 ,   5.9915 ,
     5.2525E+01 ,   5.8975 ,
     5.3535E+01 ,   5.8064 ,
     5.4545E+01 ,   5.7180 ,
     5.5556E+01 ,   5.6322 ,
     5.6566E+01 ,   5.5488 ,
     5.7576E+01 ,   5.4679 ,
     5.8586E+01 ,   5.3892 ,
     5.9596E+01 ,   5.3128 ,
     6.0606E+01 ,   5.2384 ,
     6.1616E+01 ,   5.1660 ,
     6.2626E+01 ,   5.0956 ,
     6.3636E+01 ,   5.0271 ,
     6.4646E+01 ,   4.9603 ,
     6.5657E+01 ,   4.8953 ,
     6.6667E+01 ,   4.8319 ,
     6.7677E+01 ,   4.7702 ,
     6.8687E+01 ,   4.7099 ,
     6.9697E+01 ,   4.6512 ,
     7.0707E+01 ,   4.5939 ,
     7.1717E+01 ,   4.5379 ,
     7.2727E+01 ,   4.4833 ,
     7.3737E+01 ,   4.4300 ,
     7.4747E+01 ,   4.3779 ,
     7.5758E+01 ,   4.3271 ,
     7.6768E+01 ,   4.2773 ,
     7.7778E+01 ,   4.2287 ,
     7.8788E+01 ,   4.1812 ,
     7.9798E+01 ,   4.1347 ,
     8.0808E+01 ,   4.0893 ,
     8.1818E+01 ,   4.0448 ,
     8.2828E+01 ,   4.0013 ,
     8.3838E+01 ,   3.9587 ,
     8.4848E+01 ,   3.9170 ,
     8.5859E+01 ,   3.8761 ,
     8.6869E+01 ,   3.8361 ,
     8.7879E+01 ,   3.7969 ,
     8.8889E+01 ,   3.7585 ,
     8.9899E+01 ,   3.7208 ,
     9.0909E+01 ,   3.6839 ,
     9.1919E+01 ,   3.6477 ,
     9.2929E+01 ,   3.6122 ,
     9.3939E+01 ,   3.5774 ,
     9.4949E+01 ,   3.5433 ,
     9.5960E+01 ,   3.5098 ,
     9.6970E+01 ,   3.4769 ,
     9.7980E+01 ,   3.4446 ,
     9.8990E+01 ,   3.4129 ,
     1.0000E+02 ,   3.3818 ;


!****************************************************
!*                AR IONS IN ARGON                  *
!*                                                  *
!* From A.V. Phelps, J. Phys. Chem. Ref. Data,      *
!* Vol. 20, No. 3, pp. 557-573, 1991.               *
!*                                                  *
!* Elastic and charge exchange amended to follow    *
!* the isotropic and backward cross sections        *
!* of A. V. Phelps, J. Appl. Phys. 76(2), 747 (1994)*
!****************************************************

"Elastic"
"Ar+ + Ar -> Ar + Ar+"
0.0
102
     0.0  ,   198.318 ,
     0.01 ,   198.318 , 0.0114815 ,   184.874 , 0.0131826 ,   172.318 , 
0.0151356 ,   160.592 ,  0.017378 ,   149.639 , 0.0199526 ,    139.41 , 
0.0229087 ,   129.856 , 0.0263027 ,   120.934 , 0.0301995 ,   112.602 , 
0.0346737 ,   104.824 , 0.0398107 ,   97.5629 , 0.0457088 ,   90.7884 , 
0.0524807 ,   84.4706 ,  0.060256 ,   78.5828 , 0.0691831 ,   73.1007 , 
0.0794328 ,   68.0023 , 0.0912011 ,   63.2681 ,  0.104713 ,   58.8805 , 
 0.120226 ,   54.8244 ,  0.138038 ,   51.0861 ,  0.158489 ,   47.6543 , 
  0.18197 ,    44.519 ,   0.20893 ,   41.6716 ,  0.239883 ,   39.1046 , 
 0.275423 ,   36.8112 ,  0.316228 ,   34.7847 ,  0.363078 ,    33.018 , 
 0.416869 ,   31.5032 ,   0.47863 ,   30.2305 ,  0.549541 ,   29.1877 , 
 0.630957 ,   28.3596 ,  0.724436 ,   27.7272 ,  0.831764 ,   27.2674 , 
 0.954993 ,   26.9529 ,   1.09648 ,   26.7522 ,   1.25893 ,   26.6307 , 
  1.44544 ,   26.5511 ,   1.65959 ,   26.4754 ,   1.90546 ,   26.3665 , 
  2.18776 ,   26.1902 ,   2.51189 ,   25.9168 ,   2.88403 ,   25.5234 , 
  3.31131 ,   24.9946 ,   3.80189 ,   24.3234 ,   4.36516 ,   23.5112 , 
  5.01187 ,   22.5672 ,    5.7544 ,    21.507 ,   6.60693 ,   20.3512 , 
  7.58578 ,   19.1233 ,   8.70964 ,   17.8485 ,      10.0 ,   16.5513 , 
  11.4815 ,   15.2549 ,   13.1826 ,   13.9799 ,   15.1356 ,   12.7437 , 
   17.378 ,   11.5601 ,   19.9526 ,   10.4395 ,   22.9087 ,   9.38931 , 
  26.3027 ,   8.41366 ,   30.1995 ,   7.51441 ,   34.6737 ,   6.69131 , 
  39.8107 ,   5.94255 ,   45.7088 ,   5.26507 ,   52.4807 ,   4.65503 , 
   60.256 ,     4.108 ,   69.1831 ,   3.61929 ,   79.4328 ,   3.18409 , 
  91.2011 ,   2.79764 ,   104.713 ,   2.45534 ,   120.226 ,   2.15279 , 
  138.038 ,   1.88589 ,   158.489 ,   1.65084 ,    181.97 ,   1.44412 , 
   208.93 ,   1.26256 ,   239.883 ,   1.10328 ,   275.423 ,  0.963659 , 
  316.228 ,  0.841388 ,   363.078 ,  0.734386 ,   416.869 ,  0.640807 , 
   478.63 ,   0.55901 ,   549.541 ,  0.487548 ,   630.957 ,  0.425141 , 
  724.436 ,   0.37066 ,   831.764 ,  0.323115 ,   954.993 ,  0.281634 , 
  1096.48 ,  0.245451 ,   1258.93 ,  0.213898 ,   1445.44 ,  0.186385 , 
  1659.59 ,    0.1624 ,   1905.46 ,  0.141493 ,   2187.76 ,  0.123271 , 
  2511.89 ,  0.107391 ,   2884.03 , 0.0935536 ,   3311.31 , 0.0814961 , 
  3801.89 , 0.0709906 ,   4365.16 , 0.0618378 ,   5011.87 ,  0.053864 , 
   5754.4 , 0.0469175 ,   6606.93 , 0.0408663 ,   7585.78 , 0.0355951 , 
  8709.64 , 0.0310034 ,   10000.0 , 0.0270038 ; 

"Charge Exchange"
"Ar+ + Ar -> Ar + Ar+"
0.0
102
     0.0  ,   58.7592 ,
     0.01 ,   58.7592 , 0.0114815 ,    55.963 , 0.0131826 ,   53.6888 , 
0.0151356 ,   51.8689 ,  0.017378 ,   50.4419 , 0.0199526 ,   49.3522 , 
0.0229087 ,   48.5497 , 0.0263027 ,   47.9893 , 0.0301995 ,   47.6306 , 
0.0346737 ,   47.4372 , 0.0398107 ,   47.3769 , 0.0457088 ,   47.4209 , 
0.0524807 ,   47.5439 ,  0.060256 ,   47.7232 , 0.0691831 ,   47.9392 , 
0.0794328 ,   48.1742 , 0.0912011 ,    48.413 ,  0.104713 ,    48.642 , 
 0.120226 ,   48.8492 ,  0.138038 ,   49.0242 ,  0.158489 ,   49.1575 , 
  0.18197 ,   49.2408 ,   0.20893 ,   49.2669 ,  0.239883 ,   49.2293 , 
 0.275423 ,   49.1228 ,  0.316228 ,   48.9428 ,  0.363078 ,   48.6864 , 
 0.416869 ,   48.3515 ,   0.47863 ,   47.9382 ,  0.549541 ,    47.448 , 
 0.630957 ,   46.8849 ,  0.724436 ,   46.2549 ,  0.831764 ,   45.5668 , 
 0.954993 ,   44.8317 ,   1.09648 ,   44.0631 ,   1.25893 ,   43.2766 , 
  1.44544 ,    42.489 ,   1.65959 ,    41.718 ,   1.90546 ,   40.9808 , 
  2.18776 ,   40.2935 ,   2.51189 ,   39.6699 ,   2.88403 ,   39.1207 , 
  3.31131 ,   38.6527 ,   3.80189 ,   38.2689 ,   4.36516 ,   37.9679 , 
  5.01187 ,   37.7447 ,    5.7544 ,   37.5909 ,   6.60693 ,   37.4959 , 
  7.58578 ,   37.4475 ,   8.70964 ,   37.4329 ,      10.0 ,   37.4393 , 
  11.4815 ,    37.455 ,   13.1826 ,   37.4695 ,   15.1356 ,   37.4738 , 
   17.378 ,   37.4607 ,   19.9526 ,   37.4248 ,   22.9087 ,   37.3624 , 
  26.3027 ,    37.271 ,   30.1995 ,   37.1498 ,   34.6737 ,   36.9985 , 
  39.8107 ,    36.818 ,   45.7088 ,   36.6097 ,   52.4807 ,   36.3753 , 
   60.256 ,   36.1169 ,   69.1831 ,   35.8368 ,   79.4328 ,   35.5373 , 
  91.2011 ,   35.2205 ,   104.713 ,   34.8888 ,   120.226 ,   34.5441 , 
  138.038 ,   34.1885 ,   158.489 ,   33.8237 ,    181.97 ,   33.4514 , 
   208.93 ,   33.0731 ,   239.883 ,   32.6901 ,   275.423 ,   32.3037 , 
  316.228 ,   31.9149 ,   363.078 ,   31.5246 ,   416.869 ,   31.1337 , 
   478.63 ,   30.7429 ,   549.541 ,    30.353 ,   630.957 ,   29.9643 , 
  724.436 ,   29.5774 ,   831.764 ,   29.1928 ,   954.993 ,   28.8107 , 
  1096.48 ,   28.4316 ,   1258.93 ,   28.0555 ,   1445.44 ,   27.6829 , 
  1659.59 ,   27.3137 ,   1905.46 ,   26.9483 ,   2187.76 ,   26.5867 , 
  2511.89 ,    26.229 ,   2884.03 ,   25.8753 ,   3311.31 ,   25.5256 , 
  3801.89 ,   25.1801 ,   4365.16 ,   24.8387 ,   5011.87 ,   24.5014 , 
   5754.4 ,   24.1684 ,   6606.93 ,   23.8395 ,   7585.78 ,   23.5147 , 
  8709.64 ,   23.1941 ,   10000.0 ,   22.8777 ; 

! Q(UV) of Phelps (resonance lines and upper limit for metastable production)

"Inelastic"
"Ar+ + Ar -> Ar* + Ar+"
23.6
24
0.0      , 0.0        , 23.6     , 0.0       ,
23.71373 , 0.002      , 31.62277 , 0.08      , 42.16965 , 0.17  ,
56.23413 , 0.29       , 74.98942 , 0.41      , 100.0    , 0.53  ,
133.3521 , 0.615      , 177.8279 , 0.68      , 237.1373 , 0.72  ,
316.2277 , 0.75       , 421.6965 , 0.76      , 562.3413 , 0.775 ,
749.8942 , 0.775      , 1000.0   , 0.75      , 1333.521 , 0.72  ,
1778.279 , 0.68       , 2371.373 , 0.63      , 3162.277 , 0.59  ,
4216.965 , 0.55       , 5623.413 , 0.52      , 7498.942 , 0.48  ,
10000.0  , 0.44       ;

"Inelastic"
"Ar+ + Ar -> Ar+ + Ar+ + e"
31.6
23
0.0      , 0.0        , 31.6     , 0.0       ,
31.62277 , 0.001      , 42.16965 , 0.02      , 56.23413 , 0.05  ,
74.98942 , 0.12       , 100.0    , 0.23      , 133.3521 , 0.38  ,
177.8279 , 0.58       , 237.1373 , 0.78      , 316.2277 , 1.07  ,
421.6965 , 1.4        , 562.3413 , 1.75      , 749.8942 , 2.05  ,
1000.0   , 2.3        , 1333.521 , 2.5       , 1778.279 , 2.6   ,
2371.373 , 2.75       , 3162.277 , 2.85      , 4216.965 , 2.9   ,
5623.413 , 2.95       , 7498.942 , 3.0       , 10000.0  , 3.0   ;

!**********************************************************************
!* Argon metastable collisions                                        *
!**********************************************************************

"Inelastic"
"Ar* + Ar* -> Ar+ + Ar + e"
-14.4 ! Produces essentially a 7.2 eV electron.
21
0.0           , 721.958 , 0.00100000 , 721.958 , 0.00206914 , 501.900 ,
0.00428133    , 348.917 , 0.00885867 , 242.565 , 0.0183298  , 168.629 ,
0.0379269     , 117.230 , 0.0784760  , 81.4974 , 0.162378   , 56.6564 ,
0.335982      , 39.3871 , 0.695193   , 27.3816 , 1.43845    , 19.0355 ,
2.97635       , 13.2334 , 6.15848    , 9.19973 , 12.7428    , 6.39559 ,
26.3665       , 4.44617 , 54.5560    , 3.09094 , 112.884     , 2.14880 ,
233.572       , 1.49383 , 483.293    , 1.03850 , 1000.00    , 0.721958 ;

"Elastic"
"Ar* + Ar -> Ar* + Ar"
0.0  
21
0.0           , 721.958 , 0.00100000 , 721.958 , 0.00206914 , 501.900 ,
0.00428133    , 348.917 , 0.00885867 , 242.565 , 0.0183298  , 168.629 ,
0.0379269     , 117.230 , 0.0784760  , 81.4974 , 0.162378   , 56.6564 ,
0.335982      , 39.3871 , 0.695193   , 27.3816 , 1.43845    , 19.0355 ,
2.97635       , 13.2334 , 6.15848    , 9.19973 , 12.7428    , 6.39559 ,
26.3665       , 4.44617 , 54.5560    , 3.09094 , 112.884     , 2.14880 ,
233.572       , 1.49383 , 483.293    , 1.03850 , 1000.00    , 0.721958 ;

"Elastic"
"Ar** + Ar -> Ar** + Ar"
0.0  
21
0.0           , 721.958 , 0.00100000 , 721.958 , 0.00206914 , 501.900 ,
0.00428133    , 348.917 , 0.00885867 , 242.565 , 0.0183298  , 168.629 ,
0.0379269     , 117.230 , 0.0784760  , 81.4974 , 0.162378   , 56.6564 ,
0.335982      , 39.3871 , 0.695193   , 27.3816 , 1.43845    , 19.0355 ,
2.97635       , 13.2334 , 6.15848    , 9.19973 , 12.7428    , 6.39559 ,
26.3665       , 4.44617 , 54.5560    , 3.09094 , 112.884     , 2.14880 ,
233.572       , 1.49383 , 483.293    , 1.03850 , 1000.00    , 0.721958 ;

!"Inelastic"
!"Ar** + Ar -> Ar* + Ar"
!0.0
!8
!0.0           , 124.9   , 0.00387    , 39.5    , 0.00753    , 27.95   ,
!0.0194        , 17.67   , 0.0387     , 12.5    , 0.0753     , 8.84    ,
!0.195         , 5.58    , 0.39       , 3.95    ;

!"Decay"
!"e + Ar+ -> Ar"
!1.0e5
